
          $      1.000     1.000     1.000       118
         ''      1.000     1.000     1.000       192
          ,      1.000     1.000     1.000      1277
      -LRB-      1.000     1.000     1.000        47
      -PAD-      0.000     0.000     0.000         0
      -RRB-      1.000     1.000     1.000        46
          .      1.000     1.000     1.000      1077
          :      1.000     0.984     0.992       190
         CC      0.996     0.993     0.994       675
         CD      0.985     0.907     0.944       782
         DT      0.991     0.991     0.991      2293
         EX      0.971     1.000     0.986        34
         FW      0.500     0.375     0.429         8
       HYPH      0.988     1.000     0.994       323
         IN      0.969     0.958     0.964      3060
         JJ      0.855     0.872     0.863      1627
        JJR      0.922     0.826     0.871        86
        JJS      0.833     0.875     0.854        40
         LS      0.588     0.667     0.625        15
         MD      0.996     0.992     0.994       266
         NN      0.872     0.926     0.898      3722
        NNP      0.866     0.842     0.854      2563
       NNPS      0.556     0.343     0.424       102
        NNS      0.955     0.916     0.935      1654
        PDT      0.688     0.550     0.611        20
        POS      0.983     0.996     0.990       237
        PRP      0.998     0.998     0.998       430
       PRP$      0.991     1.000     0.996       222
         RB      0.837     0.907     0.871       883
        RBR      0.644     0.829     0.725        35
        RBS      0.941     0.696     0.800        23
         RP      0.642     0.709     0.674        86
        SYM      1.000     0.889     0.941         9
         TO      0.939     0.945     0.942       422
         UH      0.333     0.250     0.286         4
         VB      0.938     0.924     0.931       805
        VBD      0.919     0.927     0.923       785
        VBG      0.915     0.802     0.855       440
        VBN      0.891     0.855     0.872       668
        VBP      0.877     0.915     0.896       343
        VBZ      0.965     0.952     0.959       547
        WDT      0.890     0.957     0.922        93
         WP      0.963     1.000     0.981        77
        WP$      1.000     1.000     1.000         4
        WRB      1.000     1.000     1.000        69
         ``      1.000     1.000     1.000       196

avg / total      0.930     0.929     0.929     26595
