             precision    recall  f1-score   support

          $      1.000     0.966     0.983       118
         ''      1.000     1.000     1.000       192
          ,      1.000     1.000     1.000      1277
      -LRB-      1.000     1.000     1.000        47
      -RRB-      1.000     0.978     0.989        46
          .      1.000     1.000     1.000      1077
          :      0.995     0.979     0.987       190
         CC      0.988     0.996     0.992       675
         CD      0.900     0.912     0.906       782
         DT      0.990     0.991     0.991      2293
         EX      0.944     1.000     0.971        34
         FW      0.000     0.000     0.000         8
       HYPH      0.985     1.000     0.992       323
         IN      0.969     0.951     0.960      3060
         JJ      0.755     0.777     0.766      1627
        JJR      0.811     0.698     0.750        86
        JJS      0.786     0.825     0.805        40
         LS      1.000     0.667     0.800        15
         MD      0.904     0.917     0.910       266
         NN      0.795     0.861     0.826      3722
        NNP      0.788     0.764     0.776      2563
       NNPS      0.486     0.176     0.259       102
        NNS      0.801     0.794     0.798      1654
        PDT      1.000     0.500     0.667        20
        POS      0.983     1.000     0.992       237
        PRP      0.974     0.972     0.973       430
       PRP$      0.838     0.932     0.883       222
         RB      0.807     0.807     0.807       883
        RBR      0.651     0.800     0.718        35
        RBS      1.000     0.609     0.757        23
         RP      0.778     0.733     0.754        86
        SYM      1.000     0.889     0.941         9
         TO      0.912     0.929     0.920       422
         UH      1.000     0.250     0.400         4
         VB      0.883     0.884     0.884       805
        VBD      0.820     0.839     0.829       785
        VBG      0.605     0.568     0.586       440
        VBN      0.792     0.668     0.725       668
        VBP      0.756     0.679     0.716       343
        VBZ      0.906     0.868     0.887       547
        WDT      0.869     0.925     0.896        93
         WP      0.961     0.961     0.961        77
        WP$      1.000     1.000     1.000         4
        WRB      1.000     1.000     1.000        69
         ``      0.995     1.000     0.997       196

avg / total      0.874     0.875     0.874     26595